"HK_1        " "HK_2        " "VK_CB       " "K_RB        " "RCH_1       " "RCH_2       "
4.0883929964845795E-09   -6.2168459244655907E-10   -1.8629383591536199E-13   -1.1216543399909741E-09    6.0001474706771721E-04    1.9532299175603669E-05
-6.2168459244655907E-10    7.4467010936424702E-10    1.9873611898860008E-13    7.6662804582271730E-10   -2.9974856737310110E-04    2.9501106089781497E-04
-1.8629383591536199E-13    1.9873611898860008E-13    1.3544718318935219E-15    9.5409719431733300E-15   -7.1935056834705197E-08    7.2105981990012672E-08
-1.1216543399909741E-09    7.6662804582271730E-10    9.5409719431733300E-15    1.9439110365618302E-07   -2.3427527534285365E-04    2.5017411061382212E-04
6.0001474706771721E-04   -2.9974856737310110E-04   -7.1935056834705197E-08   -2.3427527534285365E-04     168.7960827779895        -99.30972829941949
1.9532299175603669E-05    2.9501106089781497E-04    7.2105981990012672E-08    2.5017411061382212E-04    -99.30972829941949         140.1445388768101
