" Singular values and vectors of [wt^0.5][X]{b} matrix
"SINGULARVALUE         1" "SINGULARVALUE         2" "SINGULARVALUE         3" "SINGULARVALUE         4" "SINGULARVALUE         5" "SINGULARVALUE         6"
"SINGULARVALUE FOR EACH VECTOR  "           157.6233874977831         14.15972415377909         5.734303453287079         3.375688478902812         3.255880662835997        0.6647457644356340
"RATIO TO LARGEST SINGULARVALUE "           1.000000000000000        0.8983263447486965E-01    0.3637977551629340E-01    0.2141616502785977E-01    0.2065607594483267E-01    0.4217304138606863E-02
"PARAMETER FOR EACH VECTOR ELEMENT "      "SINGULARVECTOR        1" "SINGULARVECTOR        2" "SINGULARVECTOR        3" "SINGULARVECTOR        4" "SINGULARVECTOR        5" "SINGULARVECTOR        6"
HK_1                                      -0.7832707333012467        0.1625254950544079       -0.5994182237139301        0.3978087267271468E-02    0.6219452236041769E-02    0.2675272184772269E-01
HK_2                                      -0.6217269940396494E-01   -0.1900453733240894       -0.1368351337695204E-01    0.3795355460487525E-01    0.4181427497160798E-02   -0.9789648187476070
VK_CB                                      0.8526021297167267E-04    0.2009732264395088E-01   -0.1221426708671360E-02   -0.9835835807264008        0.1745111557632330       -0.4127704821870205E-01
K_RB                                      -0.3536482982240487E-02    0.1438623807042836E-01   -0.3448351046093815E-02   -0.1738227439846034       -0.9845674201578167       -0.1346429184192949E-01
RCH_1                                      0.3231790479868074       -0.7121946340359110       -0.6100226102570256       -0.2037017224977481E-01   -0.7549787850501141E-02    0.1254375460295994
RCH_2                                      0.5274128390205390        0.6554663656989643       -0.5180440005524271        0.2185753865736629E-01    0.7725701220221481E-02   -0.1526188576481343

"WITHOUT PRIOR IN THE [wt^0.5][X]{b} MATRIX"
" Singular values and vectors of [wt^0.5][X]{b} matrix
"SINGULARVALUE         1" "SINGULARVALUE         2" "SINGULARVALUE         3" "SINGULARVALUE         4" "SINGULARVALUE         5" "SINGULARVALUE         6"
"SINGULARVALUE FOR EACH VECTOR  "           157.6233870799131         14.15950426648893         5.734295109195682        0.9783625797063619        0.2256128311047839        0.8309153824594247E-01
"RATIO TO LARGEST SINGULARVALUE "           1.000000000000000        0.8983123969611331E-01    0.3637972267585181E-01    0.6206963305580688E-02    0.1431341092742798E-02    0.5271523457608234E-03
"PARAMETER FOR EACH VECTOR ELEMENT "      "SINGULARVECTOR        1" "SINGULARVECTOR        2" "SINGULARVECTOR        3" "SINGULARVECTOR        4" "SINGULARVECTOR        5" "SINGULARVECTOR        6"
HK_1                                      -0.7832707374261454        0.1625323486172307       -0.5994276302895365        0.1454552461849751E-01   -0.6813439451374439E-02    0.2233177885335814E-01
HK_2                                      -0.6217269977183233E-01   -0.1900483466643275       -0.1368904302186390E-01   -0.6752615867081148        0.5775842188739161E-01   -0.7074705263485545
VK_CB                                      0.8522282440787539E-04    0.1900250003545471E-01   -0.8066974806933140E-03    0.6869052962962310       -0.2521983673949371       -0.6813188272550253
K_RB                                      -0.3534983992211076E-02    0.1362996597471137E-01   -0.2339451334012249E-02    0.2204727307640321        0.9659165077752173       -0.1348826522572061
RCH_1                                      0.3231790495904029       -0.7122189723022534       -0.6100026534599423        0.9842412378219928E-01   -0.1445962322078839E-02    0.8066474583772550E-01
RCH_2                                      0.5274128419237373        0.6554861753658696       -0.5180634759612732       -0.1169435675758023        0.4090773464891099E-02   -0.1004553160772396
