 "HK_1        " "HK_2        " "VK_CB       " "K_RB        " "RCH_1       " "RCH_2       "
    3.1084587631802813E-07   -6.6532912184835985E-08   -6.4585297864592350E-11   -1.3556883739614088E-07    7.3482369377351822E-02   -8.8997657341424660E-03
   -6.6532912184835985E-08    7.0992862742229357E-08    6.3003438794492758E-11    8.3589089787842656E-08   -2.3449646196918441E-02    2.5221721780963251E-02
   -6.4585297864592350E-11    6.3003438794492758E-11    2.0519663776912357E-13   -5.9120597284126003E-12   -1.9244491551914909E-05    2.1052527877224914E-05
   -1.3556883739614088E-07    8.3589089787842656E-08   -5.9120597284126003E-12    3.2293424060387815E-05   -2.3584395182330520E-02    2.3645569173312446E-02
    7.3482369377351822E-02   -2.3449646196918441E-02   -1.9244491551914909E-05   -2.3584395182330520E-02     20204.76848849603        -6187.823840986290    
   -8.8997657341424660E-03    2.5221721780963251E-02    2.1052527877224914E-05    2.3645569173312446E-02    -6187.823840986290         10337.12901207131    
