"HK_1        " "HK_2        " "VK_CB       " "K_RB        " "RCH_1       " "RCH_2       "
1.000000000000000       -0.3562967208572822       -7.9165722290214000E-02   -3.9787305676864330E-02    0.7222780631929183        2.5804114507867730E-02
-0.3562967208572822         1.000000000000000        0.1978836236956772        6.3718354160677448E-02   -0.8454617675984631        0.9132049333008689
-7.9165722290214000E-02    0.1978836236956772         1.000000000000000        5.8798931910750867E-04   -0.1504438435609252        0.1655000835781974
-3.9787305676864330E-02    6.3718354160677448E-02    5.8798931910750867E-04     1.000000000000000       -4.0898471963716980E-02    4.7930955014645192E-02
0.7222780631929183       -0.8454617675984631       -0.1504438435609252       -4.0898471963716980E-02     1.000000000000000       -0.6456877132776394
2.5804114507867730E-02    0.9132049333008689        0.1655000835781974        4.7930955014645192E-02   -0.6456877132776394         1.000000000000000
